000000000001000000100000000000
000000000000000000000000000000
000000000000000000000000000000
100000000000000000000000000000
000000000000000000000000000000
000000000000000000000000000000
000000000000000000000000000000
100000000000000000000000000001
100000000000000000000000000001
100000000000000000000000000001
100000000000000000000000000001
100000000000000000000000000001
000000000000001100000000000001
100000000000001100000000000001
000000000110001100011000000000
000000000111001100111000000000
000000000011101101110000000000
000000000001111111100000000000
000000000000111111000000000000
000000000000011110000000000000